0 0
0.0628318 0.00394524
0.125664 0.0157498
0.188496 0.0353205
0.251327 0.0625026
0.314159 0.0970805
0.376991 0.13878
0.439823 0.187267
0.502655 0.242156
0.565487 0.303003
0.628318 0.369316
0.69115 0.440556
0.753982 0.516136
0.816814 0.595432
0.879646 0.677779
0.942478 0.76248
1.00531 0.848811
1.06814 0.936019
1.13097 1.02333
1.1938 1.10997
1.25664 1.19513
1.31947 1.27802
1.3823 1.35782
1.44513 1.43374
1.50796 1.50499
1.5708 1.5708
1.63363 1.6304
1.69646 1.68308
1.75929 1.72813
1.82212 1.76488
1.88496 1.7927
1.94779 1.81101
2.01062 1.81926
2.07345 1.81698
2.13628 1.80372
2.19911 1.77912
2.26195 1.74286
2.32478 1.69469
2.38761 1.63443
2.45044 1.56197
2.51327 1.47727
2.57611 1.38035
2.63894 1.27132
2.70177 1.15036
2.7646 1.01772
2.82743 0.873726
2.89026 0.718781
2.9531 0.553356
3.01593 0.377998
3.07876 0.193319
3.14159 1.9724e-06
3.20442 -0.201206
3.26726 -0.409494
3.33009 -0.623994
3.39292 -0.843783
3.45575 -1.06788
3.51858 -1.29527
3.58141 -1.52489
3.64425 -1.75563
3.70708 -1.98635
3.76991 -2.2159
3.83274 -2.44308
3.89557 -2.6667
3.95841 -2.88555
4.02124 -3.09842
4.08407 -3.30408
4.1469 -3.50134
4.20973 -3.68902
4.27257 -3.86593
4.3354 -4.03095
4.39823 -4.18296
4.46106 -4.32091
4.52389 -4.44376
4.58672 -4.55056
4.64956 -4.64038
4.71239 -4.71239
4.77522 -4.7658
4.83805 -4.7999
4.90088 -4.81408
4.96372 -4.80777
5.02655 -4.78053
5.08938 -4.73199
5.15221 -4.66186
5.21504 -4.56998
5.27787 -4.45626
5.34071 -4.32073
5.40354 -4.1635
5.46637 -3.98482
5.5292 -3.785
5.59203 -3.5645
5.65487 -3.32385
5.7177 -3.0637
5.78053 -2.7848
5.84336 -2.48799
5.90619 -2.17422
5.96903 -1.84454
6.03186 -1.50007
6.09469 -1.14204
6.15752 -0.77175
6.22035 -0.390587
